Date,Open,High,Low,Close,Volume
2020-06-30,72655,75060,72655,75060,5910850
2020-06-29,72950,73570,70801,72450,14434507
2020-06-28,78300,78300,71584,72580,14659446
2020-06-27,74440,75791,72999,75791,10477999
2020-06-24,71200,74550,70845,72996,13135152
2020-06-23,75253,76800,72477,72483,25376062
2020-06-22,76800,78450,73322,75074,15655243
2020-06-21,76900,76950,74100,75999,47287112
2020-06-20,73321,73321,72010,73321,40895269
2020-06-16,69700,70670,68000,70275,11813806
2020-06-15,69270,71750,67120,68045,10501277
2020-06-14,72201,72201,68591,69270,12426404
2020-06-13,73990,73990,71112,71499,19918099
2020-06-10,69800,71328,68068,71328,36319961
2020-06-09,69000,71905,67145,67160,10408925
2020-06-08,71900,71999,70159,70159,9578972
2020-06-07,74900,75890,71120,71999,17512884
2020-06-06,72500,72729,70450,72729,29016201
2020-06-02,67997,70100,67112,68900,6290407
2020-06-01,66665,68596,64883,66700,6330146
2020-05-31,71900,71900,65169,66600,6883326
2020-05-30,68656,68657,67246,68657,2819792
2020-05-27,60950,67020,60950,66809,5809231
2020-05-26,65000,66580,63205,63205,5682497
2020-05-23,66200,69000,64656,65720,7892028
2020-05-20,67900,71580,66301,66380,10414139
2020-05-19,73427,73427,69066,69111,12573105
2020-05-18,73332,73332,70500,72000,13451571
2020-05-17,65071,70272,65071,70200,20897576
2020-05-16,68412,71800,65002,66410,8698416
2020-05-13,71707,71707,68293,71707,16790732
2020-05-12,69400,71241,67679,67679,5133797
2020-05-11,73701,75586,69121,69139,17653868
2020-05-10,78500,78500,72164,73540,44463602
2020-05-09,75000,76309,75000,75750,17618952
2020-05-06,72242,74861,72242,72242,16771071
2020-05-05,78500,79490,74861,74861,9941823
2020-05-04,78206,80900,78206,78206,19332426
2020-05-03,82419,82419,79998,80231,41663611
2020-05-02,78495,78495,78495,78495,28460896
2020-04-29,74810,74818,72500,74818,32487099
2020-04-28,68490,71623,68146,71623,32296484
2020-04-27,69500,70980,67001,67510,15359420
2020-04-26,73380,73380,68870,68907,22987618
2020-04-25,73009,73009,71300,72200,20589763
2020-04-22,70201,73334,68401,71350,17392753
2020-04-21,71000,73471,69973,70986,20616811
2020-04-20,69973,69973,69972,69973,13446081
2020-04-19,66000,67823,62713,67823,37268973
2020-04-18,64500,66600,63400,64900,22748410
2020-04-15,64000,65400,62393,62497,13213124
2020-04-14,59002,64599,59002,62499,11572823
2020-04-13,63900,63900,61483,61483,10932528
2020-04-12,62888,65536,62800,62899,23370605
2020-04-11,63998,63999,60841,60841,14592799
2020-04-08,65320,66950,62200,63750,23822473
2020-04-07,62774,65321,63500,65320,33576041
2020-04-06,62227,62227,60415,62227,68550673
2020-04-05,59264,59264,59264,59264,54202196
2020-04-04,56442,56442,56442,56442,11117912
2020-03-30,53400,56121,52991,56121,35885495
2020-03-29,54300,55855,52124,52990,10296210
2020-03-28,51688,53989,51383,53500,3410783
2020-03-25,50034,52499,50034,51688,1428215
2020-03-24,52000,52745,49937,51150,799026
2020-03-18,52800,53150,51500,51630,660581
2020-03-17,49193,51844,48907,51844,1168454
2020-03-16,51400,51400,48495,49100,2281926
2020-03-15,49069,49069,49069,49069,258394
2020-03-14,50567,53439,50267,50267,686290
2020-03-11,54000,54000,52253,52253,2176440
2020-03-10,56485,56485,52905,52905,4065770
2020-03-09,55600,55763,54100,55763,10978863
2020-03-07,52970,53202,50750,53202,5470327
2020-03-04,52500,52500,50000,51780,3762061
2020-03-03,51999,52125,50813,51000,1052542
2020-03-02,53000,53500,50648,51404,1189626
2020-03-01,52799,54499,51937,53000,530321
2020-02-29,49753,52740,49753,51902,189423
2020-02-26,53333,53333,51565,52235,249176
2020-02-25,51856,53295,51003,52500,346273
2020-02-24,54250,54250,50347,51597,456060
2020-02-23,52575,53500,51370,52958,245278
2020-02-22,50146,53400,50137,52638,304294
2020-02-19,52500,53893,51751,52000,282921
2020-02-18,51112,53899,51112,51750,193233
2020-02-17,55301,55301,51851,52600,317355
2020-02-16,52414,53938,51051,53938,1164106
2020-02-15,50009,52000,50009,51745,190641
2020-02-12,51704,53399,50000,52000,199379
2020-02-10,55700,55700,51587,52728,163815
2020-02-09,57000,57000,53136,53200,254575
2020-02-08,56461,56461,54986,55852,618358
2020-02-05,53750,53920,52000,53920,1132365
2020-02-04,52537,52537,50000,50981,294315
2020-02-03,50400,50600,49200,50200,412494
2020-02-02,49800,49800,48251,49190,226906
2020-02-01,49799,49799,48758,48811,241631
2020-01-28,49500,49500,48152,48990,116069
2020-01-27,49500,49500,48500,48790,243356
2020-01-26,48998,48998,47900,48000,279030
2020-01-25,49499,49499,48019,48690,216049
2020-01-22,49799,49799,47706,49480,161917
2020-01-21,50000,50000,46984,48800,231712
2020-01-20,50948,50948,48800,49100,230579
2020-01-19,50900,50900,49000,49900,250029
2020-01-18,51999,51999,49900,50400,306069
2020-01-15,51000,51000,48001,49419,213249
2020-01-14,51698,51698,48750,49300,185730
2020-01-13,50500,52989,49000,49908,253723
2020-01-12,51498,51498,50000,50200,228216
2020-01-11,49078,49078,48201,49078,622235
2020-01-08,48116,48116,48116,48116,12428
2020-01-07,50001,50500,48604,48604,69828
2020-01-05,52000,52000,50000,50100,157459
2020-01-04,50863,51000,50863,50863,390634
2020-01-01,55532,55535,52000,52000,245364
2019-12-31,55567,55567,51900,55500,363995
2019-12-30,51199,53272,50738,53272,703145
2019-12-29,50999,51180,50302,50775,140603
2019-12-28,50299,50300,49900,50299,235065
2019-12-25,50139,50139,49000,49265,99736
2019-12-24,50500,50500,47400,49500,178310
2019-12-23,50500,50700,47504,48500,123843
2019-12-22,51400,51400,49003,49599,92688
2019-12-21,51495,51495,49001,49439,134611
2019-12-18,49700,50000,48523,48999,96559
2019-12-17,49993,49993,48003,49500,106037
2019-12-16,49159,50000,47355,48596,336539
2019-12-15,50500,50550,48222,48840,129792
2019-12-14,50199,50300,48500,49250,113508
2019-12-11,50500,50500,48161,49489,68385
2019-12-10,51400,51400,48000,49100,105496
2019-12-09,51900,51900,49500,50390,130094
2019-12-08,50998,53547,49101,50457,166305
2019-11-27,50000,50998,49560,50290,135801
2019-11-26,49845,50700,48200,50300,169918
2019-11-25,49779,49800,47062,49677,201936
2019-11-24,49700,49700,48151,48600,55933
2019-11-23,49590,49890,47533,48001,148442
2019-11-20,48500,48698,46603,48620,93569
2019-11-19,47999,47999,45000,47989,109304
2019-11-18,47200,47600,46010,47200,124463
2019-11-17,46880,46900,45037,46800,72440
2019-11-16,47997,47997,45026,46725,52372
2019-11-13,46980,46980,44520,46500,177272
2019-11-12,48000,48000,46001,46105,105335
2019-11-11,47500,47500,45506,46800,57905
2019-11-10,47749,47900,45712,45990,91953
2019-11-09,48000,48414,45503,46999,140025
2019-11-05,49499,49890,46774,46774,464836
2019-11-04,49000,49998,48050,49297,114911
2019-11-03,49999,50000,47505,48503,214608
2019-11-02,49892,50055,48000,49000,52761
2019-10-30,48240,49892,47501,49885,268789
2019-10-28,48693,49114,47022,47061,137994
2019-10-26,49498,49498,47000,47998,104199
2019-10-23,48172,49123,47053,47990,70808
2019-10-22,47357,47357,46116,46900,119473
2019-10-21,42511,46200,42511,45991,168224
2019-10-20,46000,46000,43138,45200,189491
2019-10-16,43100,47000,43100,46114,137748
2019-10-15,47754,47754,44448,44448,99873
2019-10-14,46998,47000,46001,46989,70450
2019-10-13,49500,49500,46028,46710,118752
2019-10-12,49988,49988,48000,48239,80018
2019-10-09,49400,49987,48200,48650,74749
2019-10-08,51601,51601,48234,48234,194074
2019-10-07,51240,51990,49020,51599,166924
2019-10-06,50050,52181,49909,50889,264863
2019-10-05,50998,50998,48001,49703,100302
2019-10-02,51160,51160,49501,49502,92592
2019-10-01,51340,51340,48811,49450,202506
2019-09-30,52299,52299,50500,50998,170222
2019-09-29,52307,52650,50510,51490,99345
2019-09-28,51800,52700,50550,51998,268758
2019-09-25,51036,51449,50100,51000,308430
2019-09-24,50062,51449,50062,50500,243281
2019-09-23,51399,51399,49999,50279,255216
2019-09-22,51994,51994,49500,50300,198359
2019-09-21,51997,52000,49422,51500,131854
2019-09-18,51799,51799,49300,50005,187480
2019-09-17,52669,52670,48985,49960,292280
2019-09-16,49997,52445,48001,52047,829296
2019-09-15,50489,50489,49000,49800,188147
2019-09-14,50000,50418,49380,49802,335893
2019-09-11,49998,49998,48200,49389,240136
2019-09-08,49998,49998,47203,48713,83842
2019-09-07,51121,51121,48901,49680,87018
2019-09-04,50300,50300,49800,50188,157779
2019-09-03,48600,50720,48600,49160,211612
2019-09-02,49899,49899,47269,49502,595032
2019-09-01,51900,51900,49023,49023,142631
2019-08-31,52980,52980,50000,51354,294109
2019-08-28,50500,52238,50000,51890,357912
2019-08-27,52199,52799,48776,48776,315732
2019-08-26,51000,52490,50000,51800,223730
2019-08-25,52585,52585,49958,49980,191869
2019-08-24,55998,55998,51995,52050,349920
2019-08-21,53000,55649,53000,54900,13022
2019-08-17,53499,53499,51111,51111,247369
2019-08-14,52000,53100,50451,53000,535554
2019-08-13,51750,53299,50000,51807,253302
2019-08-11,52200,52280,50800,51300,273839
2019-08-10,51498,51498,50098,50749,108946
2019-08-07,51300,51490,49730,50255,120168
2019-08-06,50000,51891,48000,50250,317843
2019-08-05,52100,52100,49686,49686,462993
2019-08-04,53298,53298,50500,52100,243585
2019-08-03,49999,51835,49999,51835,565628
2019-07-31,49434,49434,48100,49434,359664
2019-07-30,46160,47467,44600,47467,377318
2019-07-29,44979,45528,44000,44948,320517
2019-07-28,44900,44900,42002,44380,166662
2019-07-27,45620,45621,41301,44997,103586
2019-07-16,46400,46400,42794,44990,1117588
2019-07-15,47500,47648,44968,44968,823154
2019-07-14,48500,48500,45001,46808,772282
2019-07-13,46199,46561,45561,46561,891968
2019-07-10,44344,44344,44344,44344,1148467
2019-07-09,42800,43972,41000,43300,4560165
2019-07-08,43473,43473,41000,41000,226598
2019-07-02,40000,42148,40000,42148,623933
2019-07-01,41500,41998,39899,40000,344518
2019-06-30,43857,43857,39681,40998,208983
2019-06-26,41002,42028,40500,42028,332304
2019-06-25,40799,40799,39001,40550,391686
2019-06-24,40002,41995,39503,40298,132596
2019-06-23,41600,42000,40505,40650,171953
2019-06-22,40010,42000,39501,41883,254038
2019-06-19,41600,42500,39100,40001,510027
2019-06-18,41010,43980,40197,41201,138177
2019-06-17,40050,43000,40050,41000,238095
2019-06-16,42000,44330,41276,41276,586421
2019-06-15,43448,44000,43448,43448,94697
2019-06-12,48289,48289,43696,43696,1177159
2019-06-11,46339,47999,44023,47150,1318383
2019-06-09,45450,45450,45450,45450,410731
2019-06-08,43286,43286,43286,43286,290208
2019-06-03,41225,41225,41225,41225,331369
2019-06-02,39262,39262,39262,39262,31375
2019-06-01,37393,37393,37393,37393,436748
2019-05-29,34000,35819,34000,35819,1318731
2019-05-28,33600,35800,33582,33614,135589
2019-05-26,35588,35588,33005,34810,186774
2019-05-25,35115,36899,34127,34127,361876
2019-05-22,35944,35944,35000,35944,705454
2019-05-21,34233,34233,34223,34233,434168
2019-05-20,32603,32603,32603,32603,34758
2019-05-19,30197,31800,30000,31800,137381
2019-05-18,30490,30610,29895,30489,162443
2019-05-15,30500,30500,29700,30150,195254
2019-05-14,30590,30590,29051,30325,64604
2019-05-13,30598,30598,29950,30049,81687
2019-05-12,30000,30000,29005,29977,179293
2019-05-11,30050,30050,29700,30000,75908
2019-05-08,30150,30150,29000,30010,109538
2019-05-07,29910,30300,28415,29500,224280
2019-05-06,29536,30200,29002,30000,250684
2019-05-05,30000,30000,29001,29002,178288
2019-05-04,30105,31299,28605,30250,227042
2019-05-01,31000,31000,29981,30000,204492
2019-04-30,30390,30400,29000,30179,378870
2019-04-29,27500,30191,27500,30191,756395
2019-04-28,28802,28802,27431,28802,2819574
2019-04-27,27431,27431,27431,27431,120260
2019-04-24,25800,26398,25800,26398,148871
2019-04-23,25400,25800,24981,25560,1194613
2019-04-22,25000,25399,24606,25000,527661
2019-04-20,25500,25500,24200,24302,616497
2019-04-17,26200,26279,24162,24162,778707
2019-04-16,26465,27100,25375,25375,389151
2019-04-15,26598,27379,26598,26598,550264
2019-04-14,29600,29600,27923,27923,68774
2019-04-13,29899,30000,28800,28802,278454
2019-04-10,29999,29999,29400,29440,305154
2019-04-09,29967,30000,29450,29967,189136
2019-04-08,30000,30200,29400,30070,357658
2019-04-07,29987,30399,29600,30100,340377
2019-04-06,30160,30160,29560,29950,181661
2019-03-31,29522,29990,29522,29976,295460
2019-03-30,30100,30100,29450,29987,208322
2019-03-27,30150,30150,29590,29993,339475
2019-03-26,30040,30050,29500,29993,271469
2019-03-25,30172,30172,29211,29998,351573
2019-03-19,30000,30680,29000,29700,25129876
2019-03-18,30500,30700,30000,30000,160752
2019-03-17,30150,30150,28501,30000,785594
2019-03-16,30000,30115,29232,30000,1337286
2019-03-13,30997,31000,29049,29885,26701538
2019-03-12,29859,30988,29859,30572,752296
2019-03-11,29800,30000,29001,29840,619673
2019-03-10,28998,29000,28860,28950,455478
2019-03-09,26699,27917,26699,27917,443622
2019-03-06,26549,26799,26549,26696,200427
2019-03-05,26200,26800,26090,26400,289247
2019-03-04,26900,26900,24728,26400,281608
2019-03-03,26035,26037,25600,26037,899990
2019-03-02,24770,24805,24700,24805,462261
2019-02-27,23000,24147,23000,24147,594186
2019-02-26,22839,23180,22223,22980,427971
2019-02-25,22000,22839,22000,22550,387627
2019-02-24,22250,22390,21800,22390,554924
2019-02-23,22221,22500,21500,21880,611809
2019-02-20,22500,22720,21400,22000,637161
2019-02-19,22429,22777,21620,22188,693607
2019-02-18,22300,22500,22000,22415,469172
2019-02-17,21452,22198,21452,22114,458820
2019-02-16,21279,21761,20800,21553,1010135
2019-02-13,21790,21900,20322,20540,582389
2019-02-12,21320,22000,20751,21500,445446
2019-02-10,21806,22150,21171,21350,155949
2019-02-06,22897,22897,21920,22000,660546
2019-02-05,22599,22599,21700,22458,463575
2019-02-04,22199,22615,22000,22499,1069695
2019-02-03,21001,22099,21000,22099,861183
2019-02-02,21399,21789,20930,21000,1271367
2019-01-30,20686,21195,20686,20800,325585
2019-01-29,21000,21000,20000,20499,1209786
2019-01-28,19999,21979,19999,20665,273221
2019-01-27,19700,21297,19700,20600,967534
2019-01-26,20360,20575,20282,20282,2128175
2019-01-23,22299,22299,20848,20848,1023589
2019-01-22,22803,23770,21663,21990,1487496
2019-01-19,22645,22645,22645,22645,24274
2019-01-16,21200,21681,21200,21681,1991468
2019-01-15,20310,21050,20299,21009,2434864
2019-01-14,20020,20494,20000,20269,1114385
2019-01-13,19600,19891,19000,19700,2580770
2019-01-12,19700,19850,19035,19598,1035487
2019-01-09,18300,19095,18300,19095,1990661
2019-01-08,18498,18876,17670,18190,2382579
2019-01-07,18010,18010,17500,18010,2508186
2019-01-06,17030,17159,16502,17159,2396064
2019-01-05,15757,16354,15757,16354,1681261
2019-01-02,15027,15757,15027,15757,2218333
2019-01-01,14820,15096,14802,15000,851195
2018-12-31,14900,14900,14310,14629,248195
2018-12-30,15000,15200,14272,14670,253673
2018-12-29,14701,15176,14413,15090,738017
2018-12-26,14999,14999,14413,14625,1373114
2018-12-25,15219,15219,14800,14916,1648083
2018-12-24,14562,14562,14350,14562,1492785
2018-12-23,13870,13875,13760,13875,323470
2018-12-22,12927,13391,12927,13391,1481865
2018-12-19,12500,12919,12332,12918,1427509
2018-12-18,12150,12599,12150,12500,1300587
2018-12-17,12529,12529,12000,12507,471146
2018-12-16,12260,12398,12260,12380,83656
2018-12-15,11776,12099,11776,12051,355184
2018-12-12,11200,11774,10701,11753,633211
2018-12-11,11216,11500,11216,11220,84881
2018-12-10,11126,11499,11050,11120,297502
2018-12-09,10900,11300,10500,11100,297665
2018-12-08,10653,10999,10452,10900,205608
2018-12-05,10299,10649,10299,10649,478684
2018-12-04,10113,10358,9921,10222,371627
2018-12-03,9898,10100,9730,10048,339296
2018-12-02,9500,9999,9450,9880,1194378
2018-12-01,9700,9800,9211,9589,154139
2018-11-28,9749,9799,9400,9600,216049
2018-11-27,9450,9570,9000,9527,150268
2018-11-26,9600,9799,8894,9480,238059
2018-11-24,9500,9860,9304,9549,130854
2018-11-21,9786,9786,9301,9690,217811
2018-11-20,9650,9750,9238,9650,164103
2018-11-19,9296,9495,9102,9448,133597
2018-11-18,9379,9379,8950,9050,206666
2018-11-17,9400,9449,8828,9270,326351
2018-11-14,9600,9788,9252,9262,28171
2018-11-13,9899,9899,9189,9600,219328
2018-11-12,9748,9850,9471,9512,161103
2018-11-11,9900,9900,9300,9300,10937
2018-11-10,10299,10299,9639,9639,186612
2018-11-06,10189,10297,9711,10264,189279
2018-11-05,9888,10068,9595,10068,308450
2018-11-04,10190,10190,9591,9600,548978
2018-11-03,10100,10300,9600,10140,115920
2018-10-31,10110,10110,9600,9980,144716
2018-10-29,9700,9998,9200,9200,131238
2018-10-28,9770,9780,9550,9650,140392
2018-10-27,9313,10000,9313,9313,305857
2018-10-24,9803,9803,9803,9803,16347
2018-10-23,10317,10961,10317,10317,63149
2018-10-22,11839,11839,10836,10836,99723
2018-10-21,11420,11420,11400,11400,73153
2018-10-20,10883,10885,10883,10885,82467
2018-10-17,10370,10378,10100,10378,592308
2018-10-16,10136,10136,9320,9990,189341
2018-10-15,9362,9815,9200,9748,903696
2018-10-14,9847,9847,9355,9355,388527
2018-10-13,9379,9379,9379,9379,13261
2018-10-10,10597,10597,9816,9816,196648
2018-10-09,10209,10745,10209,10209,880203
2018-10-08,10746,10746,10746,10746,15591
2018-10-07,11311,11311,11311,11311,14153
2018-10-06,12350,12350,11733,11733,178899
2018-10-02,13000,13000,13000,13000,29225
2018-10-01,12719,12719,11910,12719,1860546
2018-09-30,12114,12114,11900,12114,1857465
2018-09-29,11521,11553,11499,11553,237522
2018-09-26,11381,11381,10801,11002,668368
2018-09-25,11398,11499,10904,11000,651020
2018-09-24,11054,11606,10800,11050,204608
2018-09-22,10528,10528,10528,10528,20483
2018-09-18,10000,10186,9650,10186,645745
2018-09-17,9476,9727,9476,9727,226678
2018-09-16,9348,9348,9014,9340,349598
2018-09-15,8719,8944,8600,8944,465086
2018-09-12,8709,8709,8445,8700,443060
2018-09-11,8475,8765,8382,8491,94470
2018-09-10,8409,8620,8400,8620,179572
2018-09-09,8650,8765,8400,8426,76549
2018-09-08,8469,8600,8469,8570,111771
2018-09-05,8100,8410,8000,8410,250350
2018-09-04,8078,8078,7980,8023,83563
2018-09-03,8078,8078,7981,8050,105105
2018-09-02,8142,8142,7961,8049,202581
2018-09-01,8147,8147,8000,8010,83427
2018-08-29,8234,8234,7999,8020,180152
2018-08-28,8006,8100,7970,8000,40071
2018-08-27,8183,8299,8000,8100,99912
2018-08-26,8180,8180,8000,8097,126136
2018-08-25,8099,8150,7951,8100,17675
2018-08-21,8179,8200,8000,8099,28295
2018-08-20,8020,8146,7912,8035,78110
2018-08-19,8100,8380,8017,8020,62096
2018-08-18,8188,8188,7905,8140,29725
2018-08-15,8129,8149,7851,8020,21612
2018-08-14,8139,8139,7852,7863,61740
2018-08-13,8100,8240,7834,8050,189031
2018-08-12,8650,8699,8158,8250,8180
2018-08-11,8452,8700,8150,8162,23400
2018-08-08,8602,8602,8439,8439,25781
2018-08-07,9200,9200,8690,8690,18358
2018-08-06,9000,9028,8900,9028,150119
2018-08-05,8600,8641,8301,8600,451313
2018-08-04,8150,8250,8000,8100,294530
2018-08-01,8138,8249,7763,8100,95408
2018-07-31,7936,8100,7801,8070,77060
2018-07-30,7612,8000,7612,7929,623584
2018-07-29,8167,8167,7700,7700,105488
2018-07-28,8101,8168,7951,8000,14195
2018-07-25,7970,8198,7900,8169,28464
2018-07-24,8404,8404,7970,7970,187878
2018-07-23,8259,8400,7991,8400,325854
2018-07-22,8299,8299,8000,8259,163628
2018-07-21,8100,8337,8053,8299,67960
2018-07-18,8300,8418,7939,8190,48274
2018-07-17,8415,8420,7963,8310,183587
2018-07-16,8020,8400,7961,8390,55768
2018-07-14,8000,8490,7906,8001,70181
2018-07-11,8935,8935,8124,8125,69930
2018-07-10,8550,8800,8548,8800,37800
2018-07-03,9900,9992,9543,9990,621396
2018-07-02,9800,10000,9565,9592,103674
2018-07-01,10000,10099,9570,9799,127241
2018-06-30,9949,10076,9524,9999,43360
2018-06-27,10000,10000,9502,9939,171606
2018-06-26,10186,10186,9509,9990,191685
2018-06-25,9559,10190,9558,9998,223680
2018-06-24,10090,10189,9900,9989,190297
2018-06-23,9930,10188,9800,10019,250400
2018-06-20,9600,9834,9550,9799,105269
2018-06-19,9480,9648,9465,9594,127928
2018-06-18,9490,9490,9131,9400,125963
2018-06-17,8790,9130,8790,9130,246495
2018-06-13,8460,8800,8460,8799,189117
2018-06-12,8505,8700,8400,8688,69594
2018-06-11,8689,8700,8510,8679,51020
2018-06-10,8699,8700,8503,8510,147053
2018-06-09,8698,8770,8501,8666,69198
2018-06-03,8660,8720,8465,8694,129520
2018-06-02,8600,8700,8464,8650,81497
2018-05-30,8560,8640,8462,8590,46311
2018-05-29,8578,8615,8460,8560,98640
2018-05-28,8499,8600,8460,8599,59645
2018-05-27,8549,8600,8456,8540,60776
2018-05-26,8500,8550,8330,8549,111554
2018-05-23,8400,8500,8222,8450,76101
2018-05-22,8350,8448,8170,8390,146400
2018-05-21,8300,8400,8210,8350,98834
2018-05-20,8300,8350,8160,8300,534301
2018-05-19,8325,8330,8160,8330,632929
2018-05-16,8349,8349,8103,8318,136480
2018-05-15,8350,8366,8041,8319,216228
2018-05-14,8260,8350,8100,8289,202283
2018-05-13,8260,8275,8011,8032,170427
2018-05-12,8254,8275,7921,8259,119320
2018-05-09,8297,8297,8000,8271,112266
2018-05-08,8200,8299,8200,8293,44000
2018-05-07,8290,8300,8111,8297,128325
2018-05-06,8139,8297,8031,8149,240444
2018-05-05,8147,8189,7903,8175,159217
2018-05-01,8076,8190,7900,8140,351682
2018-04-30,8095,8099,7950,8090,181150
2018-04-29,8077,8100,7851,8090,198461
2018-04-28,8000,8100,7850,8094,343190
2018-04-25,8080,8100,8000,8080,158150
2018-04-24,8080,8100,7876,7930,165850
2018-04-23,8170,8170,7904,8000,30519
2018-04-22,8199,8199,7922,8180,127170
2018-04-21,8180,8180,8000,8174,141250
2018-04-18,8197,8263,7949,8194,94525
2018-04-17,8269,8269,7902,8139,127785
2018-04-16,7800,8180,7712,8169,839510
2018-04-15,7739,7940,7528,7800,188767
2018-04-11,7600,7800,7480,7480,573883
2018-04-10,7699,7780,7526,7570,46419
2018-04-09,7760,7760,7511,7688,65798
2018-04-08,7699,7780,7511,7676,79550
2018-04-07,7780,7780,7481,7700,122623
2018-04-04,7694,7760,7600,7700,21147
2018-04-03,7541,7786,7540,7688,32080
2018-03-28,7789,7790,7520,7770,20398
2018-03-27,7749,7846,7501,7787,17915
2018-03-26,7739,7745,7460,7729,39405
2018-03-25,7787,7787,7412,7774,16000
2018-03-19,7777,7848,7410,7790,70509
2018-03-18,7900,7900,7320,7700,159825
2018-03-17,7915,7915,7616,7616,44857
2018-03-14,7958,7958,7651,7751,1023689
2018-03-13,7801,7952,7751,7777,17279
2018-03-12,8000,8000,7802,7979,216114
2018-03-11,7803,8100,7802,7988,164804
2018-03-10,8140,8398,7802,8000,193044
2018-03-07,8151,8151,7770,8074,213295
2018-03-04,8522,8548,8150,8420,459349
2018-03-03,8559,8559,8153,8440,264583
2018-02-28,8550,8550,8101,8300,245634
2018-02-27,8470,8470,8200,8297,206882
2018-02-26,8150,8259,7911,8200,178029
2018-02-25,7701,8100,7601,7907,66686
2018-02-24,8001,8001,7808,7808,35735
2018-02-21,8418,8418,8060,8070,93238
2018-02-19,8420,8420,8200,8390,304468
2018-02-18,8157,8200,7931,8199,290350
2018-02-17,7900,8020,7813,7970,188745
2018-02-14,7900,7900,7560,7658,114637
2018-02-13,7527,7757,7465,7577,124169
2018-02-12,7199,7430,7199,7300,53125
2018-02-10,7157,7200,7157,7157,6773
2018-02-07,7298,7298,7161,7165,29114
2018-02-06,7156,7199,7154,7199,33593
2018-02-05,7275,7275,7150,7200,70529
2018-02-04,7191,7332,7180,7183,17569
2018-02-03,7250,7347,7206,7339,40089
2018-01-31,7359,7359,7200,7225,14660
2018-01-30,7280,7292,7150,7292,61719
2018-01-29,7180,7210,7100,7100,164902
2018-01-28,7245,7292,7186,7190,137444
2018-01-27,7565,7565,7270,7291,120700
2018-01-24,7371,7500,7295,7350,187110
2018-01-23,7700,7846,7292,7300,200027
2018-01-22,7421,7700,7411,7700,88450
2018-01-21,7707,7707,7471,7500,201596
2018-01-20,7848,7848,7647,7799,68096
2018-01-17,7963,7990,7777,7781,152443
2018-01-16,8000,8019,7851,7900,59999
2018-01-15,8050,8080,8000,8000,81102
2018-01-14,8071,8125,8050,8052,17665
2018-01-13,8249,8249,8051,8195,5063
2018-01-10,8051,8150,8051,8100,51554
2018-01-09,8011,8101,8011,8100,75582
2018-01-08,8219,8222,8051,8051,718509
2018-01-07,8061,8278,8056,8219,92101
2018-01-06,8334,8334,8100,8115,51793
2018-01-03,8101,8388,8030,8299,83884
2018-01-02,8299,8340,8055,8340,128769
2018-01-01,8248,8299,7995,8299,104129
2017-12-31,8300,8399,7891,8004,374768
2017-12-30,8249,8489,8141,8299,335425
2017-12-27,8280,8280,8190,8258,52741
2017-12-26,8126,8295,8126,8150,48003
2017-12-25,8120,8229,8027,8130,106745
2017-12-24,8190,8201,8101,8121,33141
2017-12-23,8200,8330,8200,8300,113170
2017-12-20,8350,8405,8300,8300,219109
2017-12-19,8300,8405,8300,8301,110197
2017-12-18,8400,8410,8301,8301,88252
2017-12-17,8362,8498,8001,8362,224631
2017-12-16,8401,8402,8300,8303,108646
2017-12-13,8333,8500,8300,8400,124188
2017-12-12,8312,8399,8300,8301,28298
2017-12-11,8400,8401,8300,8301,315584
2017-12-10,8351,8514,8300,8500,256089
2017-12-09,8501,8594,8356,8510,362107
2017-12-05,8550,8590,8550,8550,148070
2017-12-04,8540,8599,8384,8500,286881
2017-12-03,8481,8495,8481,8485,2280
2017-12-02,8590,8590,8500,8520,286969
2017-11-29,8481,8667,8481,8500,51818
2017-11-28,8679,8679,8500,8569,116567
2017-11-26,8500,8560,8474,8501,77915
2017-11-25,8500,8640,8500,8599,167129
2017-11-22,8500,8650,8460,8500,193125
2017-11-21,8501,8700,8500,8550,178050
2017-11-20,8743,8743,8522,8550,308420
2017-11-18,8700,8720,8511,8590,122916
2017-11-15,8701,8703,8650,8650,84563
2017-11-14,8769,8770,8700,8711,64401
2017-11-13,8700,8749,8600,8749,344356
2017-11-12,8500,8749,8500,8716,370421
2017-11-11,8650,8650,8500,8500,52144
2017-11-08,8629,8650,8500,8505,77778
2017-11-07,8500,8650,8500,8500,89967
2017-11-06,8501,8520,8500,8500,99307
2017-11-05,8500,8700,8500,8603,96885
2017-11-04,8468,8600,8468,8600,232675
2017-11-01,8489,8500,8311,8500,305119
2017-10-31,8461,8463,8283,8460,122882
2017-10-30,8350,8499,8325,8325,322014
2017-10-29,8298,8400,8240,8300,243410
2017-10-28,8050,8399,8002,8250,226128
2017-10-25,8100,8200,8100,8200,110412
2017-10-24,8100,8295,8070,8070,169476
2017-10-23,8299,8380,8100,8248,439424
2017-10-22,8380,8380,8200,8200,187180
2017-10-21,8035,8248,8030,8146,141493
2017-10-18,7906,8100,7805,8012,240002
2017-10-17,8042,8149,8000,8041,126217
2017-10-16,8000,8044,8000,8000,120272
2017-10-15,8100,8100,7921,8000,94762
2017-10-14,8140,8150,8050,8117,89557
2017-10-11,8215,8250,8120,8125,77162
2017-10-10,8185,8300,8185,8235,392470
2017-10-09,7951,8185,7920,8185,431783
2017-10-08,7999,8083,7850,8000,668276
2017-10-07,7750,7999,7750,7801,650142
2017-10-04,7482,7980,7482,7900,730740
2017-10-03,7640,7710,7501,7685,89307
2017-10-02,7600,7700,7503,7590,111024
2017-09-27,7554,7677,7550,7580,61526
2017-09-26,7790,7790,7553,7678,142563
2017-09-25,7635,7839,7566,7833,227212
2017-09-24,7924,7997,7670,7670,273053
2017-09-23,7615,7950,7615,7849,77936
2017-09-20,7789,7800,7651,7700,48338
2017-09-19,7860,7864,7631,7780,122678
2017-09-18,7889,7896,7622,7799,79563
2017-09-17,7889,7889,7621,7777,27785
2017-09-16,7990,7990,7721,7899,18750
2017-09-13,7700,8018,7700,7890,251292
2017-09-12,8000,8130,7802,7970,113214
2017-09-11,7979,8170,7905,7988,383864
2017-09-10,7790,8040,7700,7900,386726
2017-09-06,7948,7948,7600,7769,257565
2017-09-05,7438,7776,7438,7699,122392
2017-09-04,7700,7788,7421,7467,298413
2017-09-03,7598,7750,7411,7430,85634
2017-09-02,7418,7497,7400,7410,57973
2017-08-30,7500,7745,7409,7600,131617
2017-08-29,7698,7789,7472,7473,69282
2017-08-28,7540,7789,7400,7698,56546
2017-08-27,7600,7601,7303,7411,72684
2017-08-26,7790,7858,7599,7601,101586
2017-08-23,8050,8050,7672,7825,199586
2017-08-22,7950,7950,7534,7800,345220
2017-08-21,7789,7789,7400,7425,258830
2017-08-20,7250,7550,7237,7490,434337
2017-08-19,7371,7450,7237,7239,132960
2017-08-16,7310,7310,7235,7238,104179
2017-08-15,7341,7400,7310,7311,30285
2017-08-14,7356,7358,7342,7350,20283
2017-08-13,7444,7550,7340,7350,88604
2017-08-12,7341,7490,7341,7444,64384
2017-08-09,7450,7490,7201,7462,140342
2017-08-08,7499,7500,7380,7380,82369
2017-08-07,7406,7570,7381,7504,119979
2017-08-06,7411,7469,7400,7405,9010
2017-08-02,7430,7538,7400,7401,107161
2017-08-01,7541,7700,7450,7450,154587
2017-07-31,7385,7548,7385,7530,104219
2017-07-30,7549,7549,7373,7485,128108
2017-07-29,7416,7500,7412,7498,148770
2017-07-26,7553,7553,7413,7413,71092
2017-07-25,7503,7660,7457,7470,75362
2017-07-24,7670,7670,7537,7561,38888
2017-07-23,7530,7749,7530,7695,45269
2017-07-22,7640,7888,7450,7630,134309
2017-07-19,7401,7579,7371,7570,211657
2017-07-18,7452,7570,7398,7400,382210
2017-07-17,7535,7588,7461,7462,74707
2017-07-16,7600,7600,7525,7589,70076
2017-07-15,7667,7667,7562,7600,84846
2017-07-12,7800,7800,7570,7588,51248
2017-07-11,7700,7899,7601,7651,52278
2017-07-10,7715,7720,7615,7615,44277
2017-07-09,7860,7860,7602,7775,106707
2017-07-08,7911,7911,7701,7737,41691
2017-07-05,8100,8100,7916,7917,33476
2017-07-04,8110,8110,7914,7915,25012
2017-07-03,7951,8027,7902,8027,23577
2017-07-02,8016,8070,8000,8070,86145
2017-07-01,8172,8200,8013,8050,67692
2017-06-28,8000,8450,8000,8200,380971
2017-06-25,7663,8499,7663,8000,425965
2017-06-24,7555,7663,7550,7615,96103
2017-06-21,7731,7797,7623,7652,58353
2017-06-20,7770,7800,7732,7798,105376
2017-06-19,7859,8000,7800,7800,74103
2017-06-18,7892,8060,7810,7855,46479
2017-06-17,8390,8390,7701,8067,107293
2017-06-14,8253,8300,8253,8300,5511
2017-06-07,9729,9729,9142,9550,1540040
2017-06-06,9757,9757,9100,9310,438791
2017-06-03,9432,9510,9115,9297,405989
2017-05-31,8751,9230,8751,9008,291926
2017-05-30,8950,9094,8667,9010,60741
2017-05-29,9000,9098,8851,8851,64983
2017-05-28,8970,9099,8951,9029,118880
2017-05-27,8961,9150,8881,8900,104226
2017-05-24,9001,9100,8999,9001,63144
2017-05-23,9289,9289,9040,9053,66716
2017-05-22,9259,9300,9104,9195,64986
2017-05-21,9368,9370,9082,9150,35254
2017-05-20,9299,9390,9044,9107,44092
2017-05-17,9421,9422,9000,9103,116691
2017-05-16,9450,9450,9000,9030,81838
2017-05-15,9602,9602,9202,9398,197102
2017-05-14,9841,9842,9602,9602,148393
2017-05-13,9920,9920,9591,9780,501323
2017-05-10,9500,9899,9500,9700,553537
2017-05-09,9900,9900,9545,9590,718884
2017-05-08,9744,9744,9401,9550,854587
2017-05-07,9215,9500,9162,9438,316250
2017-05-06,9399,9500,9201,9215,385479
2017-05-03,9054,9370,9052,9102,681673
2017-05-02,9161,9299,9120,9298,592176
2017-05-01,8930,9192,8911,9192,712686
2017-04-30,8900,9100,8771,9100,1089372
2017-04-29,8532,8989,8532,8910,663215
2017-04-26,8576,8899,8576,8730,277598
2017-04-24,8481,8849,8480,8849,746726
2017-04-23,8477,8799,8430,8621,457058
2017-04-22,8580,8899,8251,8680,313960
2017-04-19,8700,8800,8350,8754,296470
2017-04-18,8800,8877,8518,8690,348075
2017-04-17,8749,8829,8555,8699,267184
2017-04-16,8915,8915,8642,8800,331680
2017-04-15,8999,8999,8720,8780,447582
2017-04-12,8990,8990,8750,8950,509984
2017-04-10,8990,8990,8671,8797,289443
2017-04-09,8562,8800,8520,8600,112488
2017-04-08,8950,9029,8701,8753,231278
2017-04-05,9090,9090,8801,8820,243987
2017-04-04,8938,9099,8823,8850,178548
2017-04-03,8994,9036,8800,8800,283161
2017-03-29,8940,9080,8812,8888,305530
2017-03-28,8998,9100,8802,8943,204955
2017-03-27,8949,9086,8801,8975,137200
2017-03-26,8762,9010,8760,8939,121389
2017-03-25,8770,9000,8651,8955,243175
2017-03-18,8700,8888,8700,8840,433977
2017-03-15,8120,8602,8120,8602,1017971
2017-03-14,7995,8300,7840,8250,1345217
2017-03-13,7716,8118,7716,7995,960724
2017-03-12,7896,7998,7685,7900,299417
2017-03-11,7930,7930,7410,7829,445087
2017-03-08,7941,7960,7700,7726,249552
2017-03-07,8000,8130,7941,7960,150771
2017-03-06,8139,8139,7950,8019,157052
2017-03-05,8050,8170,7918,8038,262813
2017-03-04,7947,8350,7878,8070,700128
2017-03-01,8090,8090,7940,7980,398573
2017-02-28,8010,8149,7960,8080,344329
2017-02-27,8350,8350,8021,8100,369734
2017-02-13,8268,8449,8211,8222,587863
2017-02-12,8130,8300,8072,8113,416508
2017-02-11,8066,8294,8000,8070,186792
2017-02-08,8221,8221,7900,7990,581231
2017-02-07,8324,8398,8145,8200,270528
2017-02-06,8083,8400,8083,8178,320738
2017-02-05,8450,8450,8068,8120,355919
2017-02-04,8499,8499,8132,8169,193592
2017-02-01,8370,8370,8180,8204,179377
2017-01-31,8588,8588,8350,8351,336948
2017-01-30,8499,8522,8346,8352,258411
2017-01-29,8599,8599,8314,8390,310428
2017-01-28,8578,8578,8281,8301,187819
2017-01-25,8498,8588,8247,8362,282827
2017-01-24,8385,8500,8200,8343,425006
2017-01-23,8286,8392,8100,8390,314835
2017-01-22,8250,8400,8030,8150,123824
2017-01-21,8300,8410,8015,8250,215713
2017-01-18,8549,8549,8251,8460,870396
2017-01-17,8489,8630,8316,8499,287780
2017-01-16,8499,8640,8303,8439,187146
2017-01-15,8350,8545,8000,8450,327828
2017-01-14,7901,8380,7901,8337,349088
2017-01-11,8014,8090,7800,8000,619934
2017-01-09,8112,8200,8010,8179,493281
2017-01-08,8151,8249,8121,8130,208267
2017-01-07,8400,8420,8132,8280,324045
2017-01-04,8485,8485,8200,8200,213444
2017-01-03,8350,8448,8300,8447,162819
2017-01-02,8510,8536,8361,8489,123491
2017-01-01,8499,8500,8337,8500,262324
2016-12-31,8597,8608,8351,8500,125968
2016-12-28,8448,8597,8300,8548,650219
2016-12-27,8400,8549,8341,8440,416236
2016-12-26,8490,8600,8330,8400,302736
2016-12-25,8637,8637,8400,8489,149523
2016-12-24,8630,8680,8420,8600,311879
2016-12-21,8599,8681,8507,8599,218381
2016-12-20,8750,8779,8500,8590,285209
2016-12-19,8780,8790,8602,8700,202769
2016-12-18,8699,8800,8550,8769,338522
2016-12-14,8750,8790,8641,8699,474609
2016-12-13,8800,8830,8700,8750,247434
2016-12-12,8945,8945,8750,8800,234546
2016-12-11,8989,8989,8777,8800,264046
2016-12-10,9000,9045,8802,8900,175255
2016-12-07,8900,9000,8700,8751,1103928
2016-12-06,8899,8910,8781,8855,149463
2016-12-05,8810,8958,8296,8885,756673
2016-12-04,8888,8999,8650,8695,299559
2016-12-03,8950,9090,8875,8932,394921
2016-11-29,9139,9139,8921,9040,265020
2016-11-27,9150,9150,8990,9040,736567
2016-11-26,9020,9150,9010,9049,377084
2016-11-23,9060,9098,9031,9062,193267
2016-11-22,9130,9130,9055,9085,270315
2016-11-21,9100,9199,9080,9081,226812
2016-11-19,9110,9170,9061,9091,256905
2016-11-16,9150,9200,9011,9110,854669
2016-11-15,9201,9226,9120,9151,279588
2016-11-14,9202,9300,9199,9210,253049
2016-11-13,9171,9265,9171,9205,241856
2016-11-12,9300,9330,9180,9250,262688
2016-11-09,9202,9400,9100,9300,488291
2016-11-08,9620,9650,9500,9584,220396
2016-11-07,9790,9850,9660,9749,120730
2016-11-06,9905,9905,9673,9700,258875
2016-11-05,9899,9950,9800,9900,803879
2016-11-02,9711,9956,9711,9850,781918
2016-11-01,9680,9806,9504,9745,787975
2016-10-31,9300,9840,9300,9680,1117110
2016-10-30,9464,9560,9350,9422,912973
2016-10-29,9574,9574,9400,9490,1474543
2016-10-26,9547,9571,9430,9460,967985
2016-10-25,9770,9770,9501,9535,755588
2016-10-24,9705,9840,9590,9600,886802
2016-10-23,9901,9950,9630,9634,758845
2016-10-22,9809,10170,9809,9900,2548508
2016-10-19,10040,10200,9981,10100,1267611
2016-10-18,9880,10050,9820,10000,1649186
2016-10-17,9800,9970,9610,9750,609081
2016-10-16,9969,10000,9740,9810,1029079
2016-10-15,9900,10001,9720,9812,406113
2016-10-10,9790,10000,9788,10000,587929
2016-10-09,9770,9951,9500,9950,374249
2016-10-08,9800,9800,9614,9774,201885
2016-10-05,10110,10199,9800,9808,463366
2016-10-04,10100,10460,10100,10199,683132
2016-10-03,10203,10380,10100,10380,893763
2016-10-02,10000,10500,9752,10500,1386642
2016-10-01,9888,10303,9651,10140,1488510
2016-09-28,9650,9864,9650,9864,1018573
2016-09-27,9121,9590,9121,9590,882519
2016-09-26,9100,9190,9090,9150,501328
2016-09-25,9063,9240,9063,9101,794151
2016-09-24,9099,9243,9036,9042,407781
2016-09-21,9078,9078,9001,9025,753190
2016-09-19,9046,9100,9031,9065,270263
2016-09-18,9100,9100,9035,9065,336958
2016-09-17,9155,9290,9030,9031,266579
2016-09-14,9063,9390,9062,9164,254883
2016-09-13,9030,9298,9030,9101,832683
2016-09-11,9420,9439,9282,9330,422649
2016-09-10,9500,9500,9420,9434,369812
2016-09-07,9703,9710,9502,9521,347529
2016-09-06,9800,9890,9700,9746,320944
2016-09-05,9752,9800,9750,9796,256193
2016-09-04,9970,9999,9750,9850,541114
2016-09-03,10150,10189,9721,10000,465810
2016-08-31,10154,10222,10090,10100,492422
2016-08-30,10201,10401,10130,10150,470382
2016-08-29,10639,10900,10639,10900,2568542
2016-08-28,10999,11355,10998,11155,588345
2016-08-27,10611,10945,10600,10890,114273
2016-08-24,10600,11098,10558,10647,50207
2016-08-23,11040,11397,10622,11050,190627
2016-08-22,10701,11134,10701,11001,421996
2016-08-21,10150,10683,10150,10683,251724
2016-08-20,10220,10301,10100,10300,77399
2016-08-17,10300,10399,10229,10350,53155
2016-08-16,10320,10490,10301,10302,43741
2016-08-15,10350,10525,10309,10320,45200
2016-08-14,10303,10450,10303,10305,68946
2016-08-13,10335,10450,10301,10301,75359
2016-08-10,10749,10749,10300,10303,64662
2016-08-09,10798,10798,10417,10490,24872
2016-08-08,10899,10899,10500,10646,85847
2016-08-07,10707,10898,10700,10701,52568
2016-08-06,10640,10994,10640,10890,73442
2016-08-03,10950,10970,10779,10780,50226
2016-08-02,10530,10970,10530,10792,62444
2016-08-01,10620,10800,10525,10532,28530
2016-07-31,10750,10800,10520,10748,24874
2016-07-27,10760,10830,10750,10750,48178
2016-07-26,10831,10831,10500,10670,57389
2016-07-25,11001,11001,10801,10833,96376
2016-07-24,11180,11269,11050,11084,137666
2016-07-23,11166,11445,11166,11202,325782
2016-07-20,10681,11061,10681,11061,217789
2016-07-19,10110,10680,10110,10680,218328
2016-07-18,10100,10296,10100,10121,53540
2016-07-17,10100,10396,10100,10106,130536
2016-07-16,10200,10200,10051,10063,73565
2016-07-13,10249,10249,10000,10100,178656
2016-07-12,10800,10800,10295,10295,127950
2016-07-11,11010,11010,10808,10830,156037
2016-07-10,11299,11299,10800,10900,166517
2016-07-09,11797,11797,11155,11200,235722
2016-07-05,11550,12000,11411,11670,744175
2016-06-14,74001,74100,73900,74100,1040409
2016-06-13,74010,74440,73900,74148,372886
2016-06-12,74501,74512,73956,74000,606558
2016-06-11,74638,74900,74400,74410,256668
2016-06-08,74900,74902,74550,74600,374555
2016-06-07,75000,75100,74100,74700,211244
2016-06-06,74909,75150,74603,74899,132812
2016-06-05,75400,75400,74905,75120,154197
2016-06-01,75250,75251,74880,75155,234680
2016-05-31,76796,76796,74994,75000,82728
2016-05-30,76996,77100,76000,76500,429146
2016-05-29,76600,76755,75000,75200,702538
2016-05-28,74803,78795,74800,75500,470071
2016-05-25,75050,75200,74800,75070,187942
2016-05-24,75400,75500,73337,75240,493448
2016-05-23,74870,75400,74545,75300,606462
2016-05-21,74870,74883,74610,74860,225402
2016-05-18,74900,74900,74800,74890,278661
2016-05-17,74700,74900,74700,74865,261791
2016-05-16,74900,74903,74751,74900,218898
2016-05-15,74901,74989,74540,74850,362877
2016-05-14,75200,75200,74750,74900,193912
2016-05-11,75250,75280,75250,75254,829892
2016-05-10,74515,75340,74515,75253,738281
2016-05-09,75250,75699,75250,75250,352450
2016-05-08,75100,75300,75050,75202,558177
2016-05-07,74550,75495,74550,75200,662662
2016-05-04,75500,75545,74860,75000,336859
2016-05-03,75500,75649,74800,75500,380290
2016-05-02,75700,76498,75700,75740,568042
2016-05-01,76000,76398,74954,74955,286714
2016-04-30,75200,77968,75001,76002,381095
2016-04-27,77899,77899,75602,75700,354604
2016-04-26,77689,79500,77100,77800,744231
2016-04-25,76390,76650,76009,76380,381796
2016-04-24,75108,76449,75000,76100,345714
2016-04-23,75140,75140,75000,75074,383626
2016-04-20,75000,75800,74850,75001,410916
2016-04-19,75500,75999,74810,75009,431583
2016-04-18,75189,77000,75001,75271,406217
2016-04-17,75009,75561,74511,75150,571803
2016-04-16,77070,77500,75000,75050,1060939
2016-04-13,77500,77500,76500,77400,871844
2016-04-12,77200,79000,77150,77500,540473
2016-04-11,77205,77680,76990,77100,345206
2016-04-10,79890,79890,77250,77310,420236
2016-04-09,79126,79990,78900,79800,1208819
2016-04-06,79000,80200,78200,78339,1045270
2016-04-05,76050,78100,75685,78000,1224593
2016-04-04,76460,78300,75700,75797,770070
2016-04-03,77000,77200,75592,76441,1030896
2016-04-02,78621,78621,76551,77250,1044391
2016-03-30,77900,79151,77850,79000,1333892
2016-03-29,78911,79078,76000,77700,1533429
2016-03-28,78000,79996,77900,79027,1118421
2016-03-27,80593,80597,77728,78791,2308212
2016-03-26,82000,82000,80120,81000,2252836
2016-03-16,81585,81585,79000,81585,13260122
2016-03-15,77700,77700,77700,77700,51061
2016-03-14,74000,74000,74000,74000,32197000
